13      [10]
14      [9, 11]
15      [8, 10, 12]
16      [11]
17      [10, 14]
18      [9, 11, 13, 15]
19      [8, 10, 12, 14, 16]
20      [11, 15]
21      [10, 14, 18]
22      [9, 11, 13, 15, 17, 19]
23      [8, 10, 12, 14, 16, 18, 20]
24      [11, 15, 19]
25      [10, 14, 18, 22]
26      [9, 11, 13, 15, 17, 19, 21, 23]
27      [8, 10, 12, 14, 16, 18, 20, 22, 24]
28      [11, 15, 19, 23]
29      [10, 14, 18, 22, 26]
30      [9, 11, 13, 15, 17, 19, 21, 23, 25, 27]
31      [8, 10, 12, 14, 16, 18, 20, 22, 24, 26, 28]
32      [11, 15, 19, 23, 27]
33      [10, 14, 18, 22, 26, 30]
34      [9, 11, 13, 15, 17, 19, 21, 23, 25, 27, 29, 31]
35      [8, 10, 12, 14, 16, 18, 20, 22, 24, 26, 28, 30, 32]
36      [11, 15, 19, 23, 27, 31]
37      [10, 14, 18, 22, 26, 30, 34]
38      [9, 11, 13, 15, 17, 19, 21, 23, 25, 27, 29, 31, 33, 35]
39      [8, 10, 12, 14, 16, 18, 20, 22, 24, 26, 28, 30, 32, 34, 36]
40      [11, 15, 19, 23, 27, 31, 35]
41      [10, 14, 18, 22, 26, 30, 34, 38]
42      [9, 11, 13, 15, 17, 19, 21, 23, 25, 27, 29, 31, 33, 35, 37, 39]
43      [8, 10, 12, 14, 16, 18, 20, 22, 24, 26, 28, 30, 32, 34, 36, 38, 40]
44      [11, 15, 19, 23, 27, 31, 35, 39]
45      [10, 14, 18, 22, 26, 30, 34, 38, 42]
46      [9, 11, 13, 15, 17, 19, 21, 23, 25, 27, 29, 31, 33, 35, 37, 39, 41, 43]
47      [8, 10, 12, 14, 16, 18, 20, 22, 24, 26, 28, 30, 32, 34, 36, 38, 40, 42, 44]
48      [11, 15, 19, 23, 27, 31, 35, 39, 43]
49      [10, 14, 18, 22, 26, 30, 34, 38, 42, 46]
50      [9, 11, 13, 15, 17, 19, 21, 23, 25, 27, 29, 31, 33, 35, 37, 39, 41, 43, 45, 47]