9       [7]
10      [8]
11      [6, 7, 8, 9]
12      [10]
13      [7, 8, 9, 10, 11]
14      [8, 10, 12]
15      [6, 7, 9, 10, 11, 12, 13]
16      [10, 14]
17      [6, 7, 8, 9, 11, 12, 13, 14, 15]
18      [8, 10, 12, 14, 16]
19      [6, 7, 8, 9, 10, 11, 13, 14, 15, 16, 17]
20      [10, 14, 18]
21      [8, 9, 10, 11, 12, 13, 15, 16, 17, 18, 19]
22      [10, 12, 14, 16, 18, 20]
23      [6, 7, 8, 10, 11, 12, 13, 14, 15, 17, 18, 19, 20, 21]
24      [14, 18, 22]
25      [6, 7, 8, 9, 10, 12, 13, 14, 15, 16, 17, 19, 20, 21, 22, 23]
26      [8, 10, 14, 16, 18, 20, 22, 24]
27      [7, 8, 9, 10, 11, 12, 14, 15, 16, 17, 18, 19, 21, 22, 23, 24, 25]
28      [10, 18, 22, 26]
29      [6, 7, 9, 10, 11, 12, 13, 14, 16, 17, 18, 19, 20, 21, 23, 24, 25, 26, 27]
30      [8, 10, 12, 14, 18, 20, 22, 24, 26, 28]
31      [6, 7, 8, 9, 11, 12, 13, 14, 15, 16, 18, 19, 20, 21, 22, 23, 25, 26, 27, 28, 29]
32      [10, 14, 22, 26, 30]
33      [6, 7, 8, 9, 10, 11, 13, 14, 15, 16, 17, 18, 20, 21, 22, 23, 24, 25, 27, 28, 29, 30, 31]
34      [8, 10, 12, 14, 16, 18, 22, 24, 26, 28, 30, 32]
35      [8, 9, 10, 11, 12, 13, 15, 16, 17, 18, 19, 20, 22, 23, 24, 25, 26, 27, 29, 30, 31, 32, 33]
36      [10, 14, 18, 26, 30, 34]
37      [6, 7, 8, 10, 11, 12, 13, 14, 15, 17, 18, 19, 20, 21, 22, 24, 25, 26, 27, 28, 29, 31, 32, 33, 34, 35]
38      [8, 12, 14, 16, 18, 20, 22, 26, 28, 30, 32, 34, 36]
39      [6, 7, 8, 9, 10, 12, 13, 14, 15, 16, 17, 19, 20, 21, 22, 23, 24, 26, 27, 28, 29, 30, 31, 33, 34, 35, 36, 37]
40      [10, 14, 18, 22, 30, 34, 38]
41      [7, 8, 9, 10, 11, 12, 14, 15, 16, 17, 18, 19, 21, 22, 23, 24, 25, 26, 28, 29, 30, 31, 32, 33, 35, 36, 37, 38, 39]
42      [8, 10, 12, 16, 18, 20, 22, 24, 26, 30, 32, 34, 36, 38, 40]
43      [6, 7, 9, 10, 11, 12, 13, 14, 16, 17, 18, 19, 20, 21, 23, 24, 25, 26, 27, 28, 30, 31, 32, 33, 34, 35, 37, 38, 39, 40, 41]
44      [10, 14, 18, 22, 26, 34, 38, 42]
45      [6, 7, 8, 9, 11, 12, 13, 14, 15, 16, 18, 19, 20, 21, 22, 23, 25, 26, 27, 28, 29, 30, 32, 33, 34, 35, 36, 37, 39, 40, 41, 42, 43]
46      [8, 10, 12, 14, 16, 20, 22, 24, 26, 28, 30, 34, 36, 38, 40, 42, 44]
47      [6, 7, 8, 9, 10, 11, 13, 14, 15, 16, 17, 18, 20, 21, 22, 23, 24, 25, 27, 28, 29, 30, 31, 32, 34, 35, 36, 37, 38, 39, 41, 42, 43, 44, 45]
48      [10, 14, 18, 22, 26, 30, 38, 42, 46]
49      [8, 9, 10, 11, 12, 13, 15, 16, 17, 18, 19, 20, 22, 23, 24, 25, 26, 27, 29, 30, 31, 32, 33, 34, 36, 37, 38, 39, 40, 41, 43, 44, 45, 46, 47]
50      [10, 12, 14, 16, 18, 20, 24, 26, 28, 30, 32, 34, 38, 40, 42, 44, 46, 48]