5       [2]
6       [3]
7       [2, 4]
8       [3, 5]
9       [2, 4, 6]
10      [3, 5, 7]
11      [2, 4, 6, 8]
12      [3, 5, 7, 9]
13      [2, 4, 6, 8, 10]
14      [3, 5, 7, 9, 11]
15      [2, 4, 6, 8, 10, 12]
16      [3, 5, 7, 9, 11, 13]
17      [2, 4, 6, 8, 10, 12, 14]
18      [3, 5, 7, 9, 11, 13, 15]
19      [2, 4, 6, 8, 10, 12, 14, 16]
20      [3, 5, 7, 9, 11, 13, 15, 17]
21      [2, 4, 6, 8, 10, 12, 14, 16, 18]
22      [3, 5, 7, 9, 11, 13, 15, 17, 19]
23      [2, 4, 6, 8, 10, 12, 14, 16, 18, 20]
24      [3, 5, 7, 9, 11, 13, 15, 17, 19, 21]
25      [2, 4, 6, 8, 10, 12, 14, 16, 18, 20, 22]
26      [3, 5, 7, 9, 11, 13, 15, 17, 19, 21, 23]
27      [2, 4, 6, 8, 10, 12, 14, 16, 18, 20, 22, 24]
28      [3, 5, 7, 9, 11, 13, 15, 17, 19, 21, 23, 25]
29      [2, 4, 6, 8, 10, 12, 14, 16, 18, 20, 22, 24, 26]
30      [3, 5, 7, 9, 11, 13, 15, 17, 19, 21, 23, 25, 27]
31      [2, 4, 6, 8, 10, 12, 14, 16, 18, 20, 22, 24, 26, 28]
32      [3, 5, 7, 9, 11, 13, 15, 17, 19, 21, 23, 25, 27, 29]
33      [2, 4, 6, 8, 10, 12, 14, 16, 18, 20, 22, 24, 26, 28, 30]
34      [3, 5, 7, 9, 11, 13, 15, 17, 19, 21, 23, 25, 27, 29, 31]
35      [2, 4, 6, 8, 10, 12, 14, 16, 18, 20, 22, 24, 26, 28, 30, 32]
36      [3, 5, 7, 9, 11, 13, 15, 17, 19, 21, 23, 25, 27, 29, 31, 33]
37      [2, 4, 6, 8, 10, 12, 14, 16, 18, 20, 22, 24, 26, 28, 30, 32, 34]
38      [3, 5, 7, 9, 11, 13, 15, 17, 19, 21, 23, 25, 27, 29, 31, 33, 35]
39      [2, 4, 6, 8, 10, 12, 14, 16, 18, 20, 22, 24, 26, 28, 30, 32, 34, 36]
40      [3, 5, 7, 9, 11, 13, 15, 17, 19, 21, 23, 25, 27, 29, 31, 33, 35, 37]
41      [2, 4, 6, 8, 10, 12, 14, 16, 18, 20, 22, 24, 26, 28, 30, 32, 34, 36, 38]
42      [3, 5, 7, 9, 11, 13, 15, 17, 19, 21, 23, 25, 27, 29, 31, 33, 35, 37, 39]
43      [2, 4, 6, 8, 10, 12, 14, 16, 18, 20, 22, 24, 26, 28, 30, 32, 34, 36, 38, 40]
44      [3, 5, 7, 9, 11, 13, 15, 17, 19, 21, 23, 25, 27, 29, 31, 33, 35, 37, 39, 41]
45      [2, 4, 6, 8, 10, 12, 14, 16, 18, 20, 22, 24, 26, 28, 30, 32, 34, 36, 38, 40, 42]
46      [3, 5, 7, 9, 11, 13, 15, 17, 19, 21, 23, 25, 27, 29, 31, 33, 35, 37, 39, 41, 43]
47      [2, 4, 6, 8, 10, 12, 14, 16, 18, 20, 22, 24, 26, 28, 30, 32, 34, 36, 38, 40, 42, 44]
48      [3, 5, 7, 9, 11, 13, 15, 17, 19, 21, 23, 25, 27, 29, 31, 33, 35, 37, 39, 41, 43, 45]
49      [2, 4, 6, 8, 10, 12, 14, 16, 18, 20, 22, 24, 26, 28, 30, 32, 34, 36, 38, 40, 42, 44, 46]
50      [3, 5, 7, 9, 11, 13, 15, 17, 19, 21, 23, 25, 27, 29, 31, 33, 35, 37, 39, 41, 43, 45, 47]