7       [4, 5]
8       [6]
9       [6, 7]
10      [6, 8]
11      [4, 5, 7, 8, 9]
12      [6, 8, 10]
13      [6, 7, 10, 11]
14      [6, 8, 10, 12]
15      [6, 7, 8, 9, 11, 12, 13]
16      [8, 10, 12, 14]
17      [6, 10, 11, 14, 15]
18      [6, 10, 12, 14, 16]
19      [5, 6, 7, 8, 10, 11, 12, 13, 15, 16, 17]
20      [6, 8, 12, 14, 16, 18]
21      [7, 10, 14, 15, 18, 19]
22      [6, 8, 10, 14, 16, 18, 20]
23      [4, 5, 6, 7, 9, 10, 11, 12, 14, 15, 16, 17, 19, 20, 21]
24      [6, 8, 10, 12, 16, 18, 20, 22]
25      [6, 7, 11, 14, 18, 19, 22, 23]
26      [8, 10, 12, 14, 18, 20, 22, 24]
27      [4, 5, 6, 8, 9, 10, 11, 13, 14, 15, 16, 18, 19, 20, 21, 23, 24, 25]
28      [6, 10, 12, 14, 16, 20, 22, 24, 26]
29      [6, 7, 10, 11, 15, 18, 22, 23, 26, 27]
30      [6, 8, 12, 14, 16, 18, 22, 24, 26, 28]
31      [4, 5, 7, 8, 9, 10, 12, 13, 14, 15, 17, 18, 19, 20, 22, 23, 24, 25, 27, 28, 29]
32      [6, 8, 10, 14, 16, 18, 20, 24, 26, 28, 30]
33      [6, 7, 10, 11, 14, 15, 19, 22, 26, 27, 30, 31]
34      [6, 8, 10, 12, 16, 18, 20, 22, 26, 28, 30, 32]
35      [6, 7, 8, 9, 11, 12, 13, 14, 16, 17, 18, 19, 21, 22, 23, 24, 26, 27, 28, 29, 31, 32, 33]
36      [8, 10, 12, 14, 18, 20, 22, 24, 28, 30, 32, 34]
37      [6, 10, 11, 14, 15, 18, 19, 23, 26, 30, 31, 34, 35]
38      [6, 10, 12, 14, 16, 20, 22, 24, 26, 30, 32, 34, 36]
39      [5, 6, 7, 8, 10, 11, 12, 13, 15, 16, 17, 18, 20, 21, 22, 23, 25, 26, 27, 28, 30, 31, 32, 33, 35, 36, 37]
40      [6, 8, 12, 14, 16, 18, 22, 24, 26, 28, 32, 34, 36, 38]
41      [7, 10, 14, 15, 18, 19, 22, 23, 27, 30, 34, 35, 38, 39]
42      [6, 8, 10, 14, 16, 18, 20, 24, 26, 28, 30, 34, 36, 38, 40]
43      [4, 5, 6, 7, 9, 10, 11, 12, 14, 15, 16, 17, 19, 20, 21, 22, 24, 25, 26, 27, 29, 30, 31, 32, 34, 35, 36, 37, 39, 40, 41]
44      [6, 8, 10, 12, 16, 18, 20, 22, 26, 28, 30, 32, 36, 38, 40, 42]
45      [6, 7, 11, 14, 18, 19, 22, 23, 26, 27, 31, 34, 38, 39, 42, 43]
46      [8, 10, 12, 14, 18, 20, 22, 24, 28, 30, 32, 34, 38, 40, 42, 44]
47      [4, 5, 6, 8, 9, 10, 11, 13, 14, 15, 16, 18, 19, 20, 21, 23, 24, 25, 26, 28, 29, 30, 31, 33, 34, 35, 36, 38, 39, 40, 41, 43, 44, 45]
48      [6, 10, 12, 14, 16, 20, 22, 24, 26, 30, 32, 34, 36, 40, 42, 44, 46]
49      [6, 7, 10, 11, 15, 18, 22, 23, 26, 27, 30, 31, 35, 38, 42, 43, 46, 47]
50      [6, 8, 12, 14, 16, 18, 22, 24, 26, 28, 32, 34, 36, 38, 42, 44, 46, 48]