5       [3]
6       [4]
7       [2, 3, 5]
8       [6]
9       [4, 5, 7]
10      [6, 8]
11      [3, 4, 6, 7, 9]
12      [10]
13      [2, 3, 5, 6, 8, 9, 11]
14      [4, 6, 10, 12]
15      [4, 5, 7, 8, 10, 11, 13]
16      [6, 14]
17      [3, 4, 6, 7, 9, 10, 12, 13, 15]
18      [4, 8, 10, 14, 16]
19      [2, 3, 5, 6, 8, 9, 11, 12, 14, 15, 17]
20      [6, 10, 18]
21      [4, 5, 7, 8, 10, 11, 13, 14, 16, 17, 19]
22      [6, 8, 12, 14, 18, 20]
23      [3, 4, 6, 7, 9, 10, 12, 13, 15, 16, 18, 19, 21]
24      [10, 14, 22]
25      [2, 3, 5, 6, 8, 9, 11, 12, 14, 15, 17, 18, 20, 21, 23]
26      [4, 6, 10, 12, 16, 18, 22, 24]
27      [4, 5, 7, 8, 10, 11, 13, 14, 16, 17, 19, 20, 22, 23, 25]
28      [6, 14, 18, 26]
29      [3, 4, 6, 7, 9, 10, 12, 13, 15, 16, 18, 19, 21, 22, 24, 25, 27]
30      [4, 8, 10, 14, 16, 20, 22, 26, 28]
31      [2, 3, 5, 6, 8, 9, 11, 12, 14, 15, 17, 18, 20, 21, 23, 24, 26, 27, 29]
32      [6, 10, 18, 22, 30]
33      [4, 5, 7, 8, 10, 11, 13, 14, 16, 17, 19, 20, 22, 23, 25, 26, 28, 29, 31]
34      [6, 8, 12, 14, 18, 20, 24, 26, 30, 32]
35      [3, 4, 6, 7, 9, 10, 12, 13, 15, 16, 18, 19, 21, 22, 24, 25, 27, 28, 30, 31, 33]
36      [10, 14, 22, 26, 34]
37      [2, 3, 5, 6, 8, 9, 11, 12, 14, 15, 17, 18, 20, 21, 23, 24, 26, 27, 29, 30, 32, 33, 35]
38      [4, 6, 10, 12, 16, 18, 22, 24, 28, 30, 34, 36]
39      [4, 5, 7, 8, 10, 11, 13, 14, 16, 17, 19, 20, 22, 23, 25, 26, 28, 29, 31, 32, 34, 35, 37]
40      [6, 14, 18, 26, 30, 38]
41      [3, 4, 6, 7, 9, 10, 12, 13, 15, 16, 18, 19, 21, 22, 24, 25, 27, 28, 30, 31, 33, 34, 36, 37, 39]
42      [4, 8, 10, 14, 16, 20, 22, 26, 28, 32, 34, 38, 40]
43      [2, 3, 5, 6, 8, 9, 11, 12, 14, 15, 17, 18, 20, 21, 23, 24, 26, 27, 29, 30, 32, 33, 35, 36, 38, 39, 41]
44      [6, 10, 18, 22, 30, 34, 42]
45      [4, 5, 7, 8, 10, 11, 13, 14, 16, 17, 19, 20, 22, 23, 25, 26, 28, 29, 31, 32, 34, 35, 37, 38, 40, 41, 43]
46      [6, 8, 12, 14, 18, 20, 24, 26, 30, 32, 36, 38, 42, 44]
47      [3, 4, 6, 7, 9, 10, 12, 13, 15, 16, 18, 19, 21, 22, 24, 25, 27, 28, 30, 31, 33, 34, 36, 37, 39, 40, 42, 43, 45]
48      [10, 14, 22, 26, 34, 38, 46]
49      [2, 3, 5, 6, 8, 9, 11, 12, 14, 15, 17, 18, 20, 21, 23, 24, 26, 27, 29, 30, 32, 33, 35, 36, 38, 39, 41, 42, 44, 45, 47]
50      [4, 6, 10, 12, 16, 18, 22, 24, 28, 30, 34, 36, 40, 42, 46, 48] 