9       [6]
10      [5, 7]
11      [4, 6, 8]
12      [7]
13      [6, 10]
14      [5, 7, 9, 11]
15      [4, 6, 8, 10, 12]
16      [7, 11]
17      [6, 10, 14]
18      [5, 7, 9, 11, 13, 15]
19      [4, 6, 8, 10, 12, 14, 16]
20      [7, 11, 15]
21      [6, 10, 14, 18]
22      [5, 7, 9, 11, 13, 15, 17, 19]
23      [4, 6, 8, 10, 12, 14, 16, 18, 20]
24      [7, 11, 15, 19]
25      [6, 10, 14, 18, 22]
26      [5, 7, 9, 11, 13, 15, 17, 19, 21, 23]
27      [4, 6, 8, 10, 12, 14, 16, 18, 20, 22, 24]
28      [7, 11, 15, 19, 23]
29      [6, 10, 14, 18, 22, 26]
30      [5, 7, 9, 11, 13, 15, 17, 19, 21, 23, 25, 27]
31      [4, 6, 8, 10, 12, 14, 16, 18, 20, 22, 24, 26, 28]
32      [7, 11, 15, 19, 23, 27]
33      [6, 10, 14, 18, 22, 26, 30]
34      [5, 7, 9, 11, 13, 15, 17, 19, 21, 23, 25, 27, 29, 31]
35      [4, 6, 8, 10, 12, 14, 16, 18, 20, 22, 24, 26, 28, 30, 32]
36      [7, 11, 15, 19, 23, 27, 31]
37      [6, 10, 14, 18, 22, 26, 30, 34]
38      [5, 7, 9, 11, 13, 15, 17, 19, 21, 23, 25, 27, 29, 31, 33, 35]
39      [4, 6, 8, 10, 12, 14, 16, 18, 20, 22, 24, 26, 28, 30, 32, 34, 36]
40      [7, 11, 15, 19, 23, 27, 31, 35]
41      [6, 10, 14, 18, 22, 26, 30, 34, 38]
42      [5, 7, 9, 11, 13, 15, 17, 19, 21, 23, 25, 27, 29, 31, 33, 35, 37, 39]
43      [4, 6, 8, 10, 12, 14, 16, 18, 20, 22, 24, 26, 28, 30, 32, 34, 36, 38, 40]
44      [7, 11, 15, 19, 23, 27, 31, 35, 39]
45      [6, 10, 14, 18, 22, 26, 30, 34, 38, 42]
46      [5, 7, 9, 11, 13, 15, 17, 19, 21, 23, 25, 27, 29, 31, 33, 35, 37, 39, 41, 43]
47      [4, 6, 8, 10, 12, 14, 16, 18, 20, 22, 24, 26, 28, 30, 32, 34, 36, 38, 40, 42, 44]
48      [7, 11, 15, 19, 23, 27, 31, 35, 39, 43]
49      [6, 10, 14, 18, 22, 26, 30, 34, 38, 42, 46]
50      [5, 7, 9, 11, 13, 15, 17, 19, 21, 23, 25, 27, 29, 31, 33, 35, 37, 39, 41, 43, 45, 47]