13      [10]
14      [11]
15      [12]
16      [13]
17      [10, 14]
18      [11, 15]
19      [10, 12, 16]
20      [11, 13, 17]
21      [10, 12, 14, 18]
22      [11, 13, 15, 19]
23      [10, 12, 14, 16, 20]
24      [11, 13, 15, 17, 21]
25      [12, 14, 16, 18, 22]
26      [13, 15, 17, 19, 23]
27      [10, 14, 16, 18, 20, 24]
28      [11, 15, 17, 19, 21, 25]
29      [10, 12, 16, 18, 20, 22, 26]
30      [11, 13, 17, 19, 21, 23, 27]
31      [10, 12, 14, 18, 20, 22, 24, 28]
32      [11, 13, 15, 19, 21, 23, 25, 29]
33      [10, 12, 14, 16, 20, 22, 24, 26, 30]
34      [11, 13, 15, 17, 21, 23, 25, 27, 31]
35      [12, 14, 16, 18, 22, 24, 26, 28, 32]
36      [13, 15, 17, 19, 23, 25, 27, 29, 33]
37      [10, 14, 16, 18, 20, 24, 26, 28, 30, 34]
38      [11, 15, 17, 19, 21, 25, 27, 29, 31, 35]
39      [10, 12, 16, 18, 20, 22, 26, 28, 30, 32, 36]
40      [11, 13, 17, 19, 21, 23, 27, 29, 31, 33, 37]
41      [10, 12, 14, 18, 20, 22, 24, 28, 30, 32, 34, 38]
42      [11, 13, 15, 19, 21, 23, 25, 29, 31, 33, 35, 39]
43      [10, 12, 14, 16, 20, 22, 24, 26, 30, 32, 34, 36, 40]
44      [11, 13, 15, 17, 21, 23, 25, 27, 31, 33, 35, 37, 41]
45      [12, 14, 16, 18, 22, 24, 26, 28, 32, 34, 36, 38, 42]
46      [13, 15, 17, 19, 23, 25, 27, 29, 33, 35, 37, 39, 43]
47      [10, 14, 16, 18, 20, 24, 26, 28, 30, 34, 36, 38, 40, 44]
48      [11, 15, 17, 19, 21, 25, 27, 29, 31, 35, 37, 39, 41, 45]
49      [10, 12, 16, 18, 20, 22, 26, 28, 30, 32, 36, 38, 40, 42, 46]
50      [11, 13, 17, 19, 21, 23, 27, 29, 31, 33, 37, 39, 41, 43, 47]