11      [9]
12      [10]
13      [11]
14      [10, 12]
15      [8, 10, 11, 13]
16      [12, 14]
17      [10, 15]
18      [10, 14, 16]
19      [8, 9, 11, 12, 14, 15, 17]
20      [10, 12, 16, 18]
21      [10, 11, 14, 19]
22      [12, 14, 18, 20]
23      [9, 10, 12, 13, 15, 16, 18, 19, 21]
24      [10, 14, 16, 20, 22]
25      [11, 14, 15, 18, 23]
26      [10, 12, 16, 18, 22, 24]
27      [10, 11, 13, 14, 16, 17, 19, 20, 22, 23, 25]
28      [12, 14, 18, 20, 24, 26]
29      [10, 15, 18, 19, 22, 27]
30      [10, 14, 16, 20, 22, 26, 28]
31      [8, 9, 11, 12, 14, 15, 17, 18, 20, 21, 23, 24, 26, 27, 29]
32      [10, 12, 16, 18, 22, 24, 28, 30]
33      [10, 11, 14, 19, 22, 23, 26, 31]
34      [12, 14, 18, 20, 24, 26, 30, 32]
35      [9, 10, 12, 13, 15, 16, 18, 19, 21, 22, 24, 25, 27, 28, 30, 31, 33]
36      [10, 14, 16, 20, 22, 26, 28, 32, 34]
37      [11, 14, 15, 18, 23, 26, 27, 30, 35]
38      [10, 12, 16, 18, 22, 24, 28, 30, 34, 36]
39      [8, 10, 11, 13, 14, 16, 17, 19, 20, 22, 23, 25, 26, 28, 29, 31, 32, 34, 35, 37]
40      [12, 14, 18, 20, 24, 26, 30, 32, 36, 38]
41      [10, 15, 18, 19, 22, 27, 30, 31, 34, 39]
42      [10, 14, 16, 20, 22, 26, 28, 32, 34, 38, 40]
43      [8, 9, 11, 12, 14, 15, 17, 18, 20, 21, 23, 24, 26, 27, 29, 30, 32, 33, 35, 36, 38, 39, 41]
44      [10, 12, 16, 18, 22, 24, 28, 30, 34, 36, 40, 42]
45      [10, 11, 14, 19, 22, 23, 26, 31, 34, 35, 38, 43]
46      [12, 14, 18, 20, 24, 26, 30, 32, 36, 38, 42, 44]
47      [9, 10, 12, 13, 15, 16, 18, 19, 21, 22, 24, 25, 27, 28, 30, 31, 33, 34, 36, 37, 39, 40, 42, 43, 45]
48      [10, 14, 16, 20, 22, 26, 28, 32, 34, 38, 40, 44, 46]
49      [11, 14, 15, 18, 23, 26, 27, 30, 35, 38, 39, 42, 47]
50      [10, 12, 16, 18, 22, 24, 28, 30, 34, 36, 40, 42, 46, 48]