11      [6]
12      [7]
13      [6, 8]
14      [7, 9]
15      [8, 10]
16      [9, 11]
17      [6, 10, 12]
18      [7, 11, 13]
19      [6, 8, 12, 14]
20      [7, 9, 13, 15]
21      [8, 10, 14, 16]
22      [9, 11, 15, 17]
23      [6, 10, 12, 16, 18]
24      [7, 11, 13, 17, 19]
25      [6, 8, 12, 14, 18, 20]
26      [7, 9, 13, 15, 19, 21]
27      [8, 10, 14, 16, 20, 22]
28      [9, 11, 15, 17, 21, 23]
29      [6, 10, 12, 16, 18, 22, 24]
30      [7, 11, 13, 17, 19, 23, 25]
31      [6, 8, 12, 14, 18, 20, 24, 26]
32      [7, 9, 13, 15, 19, 21, 25, 27]
33      [8, 10, 14, 16, 20, 22, 26, 28]
34      [9, 11, 15, 17, 21, 23, 27, 29]
35      [6, 10, 12, 16, 18, 22, 24, 28, 30]
36      [7, 11, 13, 17, 19, 23, 25, 29, 31]
37      [6, 8, 12, 14, 18, 20, 24, 26, 30, 32]
38      [7, 9, 13, 15, 19, 21, 25, 27, 31, 33]
39      [8, 10, 14, 16, 20, 22, 26, 28, 32, 34]
40      [9, 11, 15, 17, 21, 23, 27, 29, 33, 35]
41      [6, 10, 12, 16, 18, 22, 24, 28, 30, 34, 36]
42      [7, 11, 13, 17, 19, 23, 25, 29, 31, 35, 37]
43      [6, 8, 12, 14, 18, 20, 24, 26, 30, 32, 36, 38]
44      [7, 9, 13, 15, 19, 21, 25, 27, 31, 33, 37, 39]
45      [8, 10, 14, 16, 20, 22, 26, 28, 32, 34, 38, 40]
46      [9, 11, 15, 17, 21, 23, 27, 29, 33, 35, 39, 41]
47      [6, 10, 12, 16, 18, 22, 24, 28, 30, 34, 36, 40, 42]
48      [7, 11, 13, 17, 19, 23, 25, 29, 31, 35, 37, 41, 43]
49      [6, 8, 12, 14, 18, 20, 24, 26, 30, 32, 36, 38, 42, 44]
50      [7, 9, 13, 15, 19, 21, 25, 27, 31, 33, 37, 39, 43, 45]