6 4
0212
6 5
01012
7 4
02012
7 5
012
7 6
01212
10 6
020102
10 7
01012
10 8
01010212
10 9
202012
11 6
0202010202
11 7
012
11 8
0212
11 9
0120202
11 10
202012
14 8
020101202
14 9
01012
14 10
0212
14 11
0101212
14 12
012101212
14 13
202012
15 8
0202010202
15 9
012
15 10
0212
15 11
01202
15 12
01010212
15 13
202012
15 14
202012
18 10
020101202
18 11
01012
18 12
0212
18 13
0201202
18 14
010101212
18 15
010121212
18 16
01010212
18 17
202012
19 10
0202010202
19 11
012
19 12
02012
19 13
02101020121
19 14
01212
19 15
0120202
19 16
01010212
19 17
2010201012
19 18
202012
22 12
020101202
22 13
021
22 14
020102
22 15
01010201012
22 16
02101012
22 17
010201202
22 18
012101212
22 19
01012121212
22 20
01010212
22 21
202012
23 12
0202010202
23 13
012
23 14
012102121
23 15
12012
23 16
0212
23 17
0201212
23 18
0201020202
23 19
012020202
23 20
0101020102
23 21
2010201012
23 22
202012
26 14
020101202
26 15
01012
26 16
0120212021
26 17
010101012012102
26 18
0212
26 19
0101212
26 20
010201202
26 21
012101212
26 22
01010212
26 23
0101212121212
26 24
0101020102
26 25
202012
27 14
0202010202
27 15
012
27 16
012102121
27 17
0101012012102
27 18
0212
27 19
01202
27 20
0201212
27 21
0120202
27 22
0101020102
27 23
01202020202
27 24
010121021212
27 25
2010201012
27 26
202012
30 16
020101202
30 17
01012
30 18
0120212021
30 19
0102012
30 20
0212
30 21
010101020102102
30 22
01202120202
30 23
010202012
30 24
01010212
30 25
02012021212
30 26
0101020102
30 27
010121212121212
30 28
01010212
30 29
202012
31 16
0202010202
31 17
012
31 18
012102121
31 19
0101012012102
31 20
02012
31 21
010101010101201012102
31 22
01212
31 23
0201212
31 24
0101020102
31 25
01012102121
31 26
012121212
31 27
0120202020202
31 28
0101020102
31 29
2010201012
31 30
202012
34 18
020101202
34 19
01012
34 20
0120212021
34 21
010101012012102
34 22
020102
34 23
01010201012
34 24
02101012
34 25
0201202
34 26
010201202
34 27
010121212
34 28
0101020102
34 29
0102020121212
34 30
01010212
34 31
01012121212121212
34 32
01010212
34 33
202012
35 18
0202010202
35 19
012
35 20
012102121
35 21
0101012012102
35 22
0120212021
35 23
12012
35 24
0212
35 25
0101020102102
35 26
0201212
35 27
0120202
35 28
01010212
35 29
02012020212
35 30
0101020102
35 31
012020202020202
35 32
01010212
35 33
2010201012
35 34
202012
38 20
020101202
38 21
01012
38 22
0120212021
38 23
010101012012102
38 24
0120212021
38 25
10121021210101010202
38 26
0212
38 27
0101212
38 28
020101202
38 29
010201202
38 30
012101212
38 31
01020121202
38 32
012012121021
38 33
0121210121212
38 34
0120202020
38 35
0101212121212121212
38 36
0101020102
38 37
202012
39 20
0202010202
39 21
012
39 22
012102121
39 23
0101012012102
39 24
0120212021
39 25
021010102121020102
39 26
0212
39 27
01202
39 28
01210212121
39 29
0201212
39 30
02012020212
39 31
020120212
39 32
010102101012
39 33
01202020202
39 34
010102101012
39 35
01202020202020202
39 36
01010212
39 37
2010201012
39 38
202012
42 22
020101202
42 23
01012
42 24
0120212021
42 25
010101012012102
42 26
0120212021
42 27
0102012
42 28
0212
42 29
01010101020101010102012
42 30
01210201212
42 31
0201202
42 32
010202012
42 33
01012012021
42 34
012020
42 35
01012121212
42 36
010121021212
42 37
020120212121212
42 38
010102101012
42 39
010121212121212121212
42 40
01010212
42 41
202012
43 22
0202010202
43 23
012
43 24
012102121
43 25
0101012012102
43 26
0120212021
43 27
0101012020202
43 28
02012
43 29
01010101010101010120121010102
43 30
01212
43 31
0101010101202
43 32
0201212
43 33
0120202
43 34
0201020202
43 35
012020202
43 36
02012121212
43 37
0121012121202
43 38
01010212
43 39
0120202020202020202
43 40
0101020102
43 41
2010201012
43 42
202012
46 24
020101202
46 25
01012
46 26
0120212021
46 27
010101012012102
46 28
0120212021
46 29
01010101010101201210102
46 30
020102
46 31
01010201012
46 32
02101012
46 33
010101020102102
46 34
01202120202
46 35
010201202
46 36
012101212
46 37
2102102101010212
46 38
01202120121
46 39
0102012121202
46 40
010102101012
46 41
01020212012121212
46 42
0101020102
46 43
01012121212121212121212
46 44
01010212
46 45
202012
47 24
0202010202
47 25
012
47 26
012102121
47 27
0101012012102
47 28
0120212021
47 29
010101010101201012102
47 30
0120212021
47 31
12012
47 32
0212
47 33
021010212101010202
47 34
012012121021
47 35
0201212
47 36
02012020212
47 37
01010121212
47 38
0120202121
47 39
01210121212
47 40
01010212
47 41
020120202021202
47 42
012012121021
