This program tries to find a transposition in cycle r_k * r_k-1, using r_k r_k-1 r_n
Input n_min, n_max, n_mod, number_of_mods: 6 100 4 2
Input the reminders: 2 3
Input k_mod, number_of_mods: 2 2
Input the reminders: 0 1
30 25 0 2 0 1 2 0 2 1 2 1 2 = tr
02012021212
31 25 0 1 0 1 2 1 0 2 1 2 1 = tr
01012102121
31 27 0 1 2 0 2 0 2 0 2 0 2 0 2 = tr
0120202020202
34 29 0 1 0 2 0 2 0 1 2 1 2 1 2 = tr
0102020121212
35 25 0 1 0 1 0 2 0 1 0 2 1 0 2 = tr
0101020102102
35 31 0 1 2 0 2 0 2 0 2 0 2 0 2 0 2 = tr
012020202020202
38 25 1 0 1 2 1 0 2 1 2 1 0 1 0 1 0 1 0 2 0 2 = tr
10121021210101010202
38 31 0 1 0 2 0 1 2 1 2 0 2 = tr
01020121202
38 33 0 1 2 1 2 1 0 1 2 1 2 1 2 = tr
0121210121212
39 25 0 2 1 0 1 0 1 0 2 1 2 1 0 2 0 1 0 2 = tr
021010102121020102
39 31 0 2 0 1 2 0 2 1 2 = tr
020120212
39 35 0 1 2 0 2 0 2 0 2 0 2 0 2 0 2 0 2 = tr
01202020202020202
42 29 0 1 0 1 0 1 0 1 0 2 0 1 0 1 0 1 0 1 0 2 0 1 2 = tr
01010101020101010102012
42 33 0 1 0 1 2 0 1 2 0 2 1 = tr
01012012021
42 37 0 2 0 1 2 0 2 1 2 1 2 1 2 1 2 = tr
020120212121212
43 29 0 1 0 1 0 1 0 1 0 1 0 1 0 1 0 1 0 1 2 0 1 2 1 0 1 0 1 0 2 = tr
01010101010101010120121010102
43 31 0 1 0 1 0 1 0 1 0 1 2 0 2 = tr
0101010101202
43 37 0 1 2 1 0 1 2 1 2 1 2 0 2 = tr
0121012121202
43 39 0 1 2 0 2 0 2 0 2 0 2 0 2 0 2 0 2 0 2 = tr
0120202020202020202
46 29 0 1 0 1 0 1 0 1 0 1 0 1 0 1 2 0 1 2 1 0 1 0 2 = tr
01010101010101201210102
46 37 2 1 0 2 1 0 2 1 0 1 0 1 0 2 1 2 = tr
2102102101010212
46 39 0 1 0 2 0 1 2 1 2 1 2 0 2 = tr
0102012121202
46 41 0 1 0 2 0 2 1 2 0 1 2 1 2 1 2 1 2 = tr
01020212012121212
47 33 0 2 1 0 1 0 2 1 2 1 0 1 0 1 0 2 0 2 = tr
021010212101010202
47 37 0 1 0 1 0 1 2 1 2 1 2 = tr
01010121212
47 41 0 2 0 1 2 0 2 0 2 0 2 1 2 0 2 = tr
020120202021202
47 43 0 1 2 0 2 0 2 0 2 0 2 0 2 0 2 0 2 0 2 0 2 = tr
012020202020202020202
50 31 0 1 0 1 0 1 0 1 0 1 2 0 2 0 2 0 2 = tr
01010101012020202
50 33 0 2 1 2 1 0 1 0 1 2 1 0 1 2 1 0 1 2 0 2 0 1 0 2 0 1 = tr
02121010121012101202010201
50 41 0 1 0 2 0 1 0 2 0 2 0 1 2 0 2 = tr
010201020201202
50 43 0 1 0 1 2 1 2 1 2 1 2 1 2 = tr
0101212121212
50 45 0 1 2 1 2 1 2 1 0 1 2 1 2 1 2 1 2 = tr
01212121012121212

